# 5
scc=0.00763038 scb=0.0624743 sca=65.0699 sb=1.4e-07 sa=1.4e-07
scc=6.45608e-06 scb=0.00252836 sca=5.42227 sb=1.4e-07 sa=1.4e-07
scc=5.36211e-06 scb=0.0016813 sca=3.79042 sb=1.4e-07 sa=1.4e-07
scc=5.52486e-05 scb=0.00641847 sca=7.94266 sb=1.4e-07 sa=1.4e-07
$This is end of the device boxl file$
